
49.680199
51.667540
50.238841
50.341118
50.247083
48.861537
52.288843
50.039305
51.254395
50.811335
49.152157
50.834970
51.450416
51.562621
51.663200
52.421306
51.128993
51.709788
52.560860
52.771587
51.887091
52.525995
52.312740
52.289705
50.979121
51.848799
51.048845
51.197734
52.238135
52.544505
51.618252
51.549746
51.305986
52.403563
53.080316
52.030125
52.679011
52.098904
52.169686
52.445361
52.262756
44.028987
49.448679
46.051843
38.944709
43.456068
45.249204
44.993101
49.017942
47.799100
49.808166
50.179213
37.723214
44.332136
39.117955
38.265214
38.490289
44.834664
43.039055
47.070771
42.509371
45.939831
44.077206
37.793076
40.543037
41.167947
48.208440
49.384098
40.241809
40.299624
44.093911
45.972379
37.362315
45.589540
41.887643
45.379447
52.574653
51.194650
